0110 1011 1000 1011 0100 0101 0110 0111      17
0011 0010 0111 1011 0010 0011 1100 0110      16
0110 0100 0011 1100 1001 1000 0110 1001      14
0110 0110 0011 0011 0100 1000 0111 0011      15
0111 0100 1011 0000 1101 1100 0101 0001      15
0001 1001 0100 1001 0101 1100 1111 1111      18
0010 1010 1110 1000 1001 0100 0100 1010      13
0110 0010 0101 0101 0101 1000 1110 1100      15
0010 0011 1000 1110 0001 1111 0010 1001      15
0100 0110 1110 1000 0111 1100 1100 1101      17
0011 1101 0001 1011 0101 1000 1011 1010      17
0101 0000 0111 1110 1101 0111 1010 1011      19
0010 1110 1011 0001 0100 0001 1111 0010      15
0100 0001 1011 0111 0001 1110 1111 1011      19
0111 1001 1110 0010 1010 1001 1110 0011      18
0111 0101 0100 0101 1110 0001 0100 0110      15
0101 0001 0101 1111 0000 0000 0111 1100      14
0101 1011 1101 0000 0110 0010 1100 0010      14
0001 0010 0010 0000 0000 1000 0101 0100      7
0100 1101 1011 0001 0010 0111 1111 1000      17
0000 0010 0001 0110 0010 0011 0001 1011      11
0001 1111 0001 0110 1110 1001 1110 1000      17
0001 0001 1001 0000 1100 1101 1110 0111      15
0110 0110 1110 1111 0100 0011 1000 1101      18
0001 0100 0000 1110 0000 1111 0111 0110      14
0011 0011 0101 0010 0010 0101 0101 1010      14
0001 0000 1001 1100 1111 1001 0010 1110      15
0000 1101 1110 1101 0111 0010 0110 0011      17
0111 1111 1101 1100 1100 0010 0011 0011      19
0001 1011 1110 1111 1101 0111 1001 1111      23
0100 0001 1010 0111 1100 0100 1100 1001      14
0110 1011 0110 1000 0000 0111 1001 1010      15
0100 1110 0110 1010 1111 1011 0110 0110      19
0010 0101 1110 0100 0101 1101 0011 0010      15
0101 0001 1001 1011 0101 0000 0000 1101      13
0100 0011 0001 1011 1101 0111 1011 0111      19
0011 1111 0010 1101 1011 1010 0011 0001      18
0111 1100 1000 0011 1110 0100 0101 1000      15
0010 0101 0111 0001 0011 0000 1010 0011      13
0110 0010 1011 1011 1101 1001 0101 1010      18
0100 0011 0110 1100 0110 0001 0010 0101      13
0110 0010 1000 1100 1000 1001 0101 1101      14
0011 0011 0011 1010 1011 0001 0000 0101      14
0111 0010 0001 1101 1010 0011 0001 0111      16
0010 0100 0100 0011 1010 1000 0101 1000      11
0010 1101 0001 1101 0101 1010 1110 1001      17
0110 0111 0110 0011 1000 0100 0101 1110      16
0111 0101 1010 0010 1010 1000 1101 0100      15
0000 1000 1110 1101 1011 1101 1010 1011      18
0111 1001 1000 0011 1000 1100 1011 0010      15
0100 0011 0101 0011 1101 0000 1100 1101      15
0000 1011 0000 0011 1110 0000 1100 0110      12
0001 1000 1001 1010 0111 0110 1001 1011      16
0101 0100 1110 0100 1001 1110 1011 0100      16
0111 0001 1111 0011 0010 0100 0101 0100      15
0010 1100 1010 1000 1000 0110 0001 0001      11
0000 1000 0011 0110 1100 0100 0000 1110      11
0000 0010 1001 0000 0001 1101 1000 0010      9
0011 1010 1001 0101 1111 1000 0111 0100      17
0000 1000 0001 0011 1000 0110 0100 0001      9
0001 1110 0111 1111 1111 0101 0010 0001      19
0111 1100 0011 1101 1011 1101 0011 1101      21
0111 0011 0111 1011 1000 1101 1101 1100      20
0110 1100 1110 1010 1111 0000 1000 0111      17
0010 0010 0010 0010 0001 1010 0111 0000      10
0100 0101 0001 0110 1101 1101 1110 1001      17
0011 0000 0000 0110 1100 1000 0011 1110      12
0110 0001 0100 1111 1101 0100 1010 0001      15
0100 0001 1001 1010 1100 0010 0100 0001      11
0101 0101 0111 0111 1111 1000 1110 0001      19
0100 0100 0000 1011 1010 1101 1111 1100      16
0000 0101 0000 0111 0010 0011 0110 0111      13
0011 1000 0000 0100 1000 0010 0011 1110      11
0111 0111 0100 0110 0101 1111 0000 0001      16
0111 0111 0010 0100 1100 0110 0111 1110      18
0101 1100 0100 1000 0010 1010 1001 0111      14
0010 0100 0110 0011 1011 1001 1110 1010      16
0101 1110 1000 1000 0100 1010 1101 1100      15
0101 0001 1110 1010 1101 0011 0110 1011      18
0010 1101 0101 0001 0111 0111 1001 0110      17
0101 1000 0000 1011 1101 0111 1000 1111      17
0001 0101 0011 1110 1010 0100 0011 1000      14
0011 1000 0101 0101 0101 1000 0101 1100      14
0111 0000 1010 0110 0100 1110 0010 1010      14
0110 1010 0010 0011 0100 0010 1110 1100      14
0010 1010 0100 1000 0111 1100 1011 0000      13
0001 1101 0100 1110 1101 0100 0011 1011      17
0111 0010 0101 1010 0000 0110 1111 1011      17
0010 1100 1101 1000 1001 1010 0011 0010      14
0101 0111 1110 0100 1100 1100 1010 1111      19
0111 1010 0110 1101 1000 1101 0011 1100      18
0100 1011 0101 1000 1000 1111 0101 0100      15
0101 0100 0010 0010 1000 1001 1110 1100      13
0110 1101 1110 1001 0001 1011 0001 1000      16
0011 1000 0100 0011 0111 1111 1101 1011      19
0111 0110 0100 0100 1010 0100 0101 1100      14
0011 0010 1111 1111 1111 1001 0000 0010      18
0110 1000 0100 1010 0100 1000 0001 1010      11
0101 0111 1001 0100 0111 1000 1111 1110      19
0111 0100 1001 1010 1011 1011 0100 0011      17
